Episode: 1	Time: 16167	NB_Round: 16167	step_cnt: 16167	action_cnt: 7000	cache_hit: 9167	cache_hit_rate : 0.5670192367167687	Reward: 2568596.2865112126	redundancy : 0.5735294117647058	avg_hop : 2.9240428032411705
Episode: 2	Time: 14344	NB_Round: 14344	step_cnt: 14344	action_cnt: 7000	cache_hit: 7344	cache_hit_rate : 0.5119910764082544	Reward: 2366418.9436273617	redundancy : 0.48148148148148145	avg_hop : 3.356664807585053
Episode: 3	Time: 14153	NB_Round: 14153	step_cnt: 14153	action_cnt: 7000	cache_hit: 7153	cache_hit_rate : 0.5054052144421677	Reward: 2348122.7072510784	redundancy : 0.5280898876404494	avg_hop : 3.2603688263972304
