Episode: 1	Time: 13928	NB_Round: 7000	step_cnt: 7000	action_cnt: 7000	cache_hit: 7468	cache_hit_rate : 0.5361860999425617	Reward: -10775591.48894712	redundancy : 0.9225806451612903	avg_hop : 2.805212521539345
Episode: 2	Time: 11873	NB_Round: 7000	step_cnt: 7000	action_cnt: 7000	cache_hit: 6372	cache_hit_rate : 0.5366798618714731	Reward: -15313249.186677745	redundancy : 0.7612903225806451	avg_hop : 2.8233807799208286
Episode: 3	Time: 13370	NB_Round: 7000	step_cnt: 7000	action_cnt: 7000	cache_hit: 7298	cache_hit_rate : 0.5458489154824233	Reward: -15645815.606612012	redundancy : 0.7612903225806451	avg_hop : 2.869483919222139
